
0.1    2.9535670382     0.00391122820695
0.15    3.13822846483     0.00622324980736
0.2    3.25069579141     0.00328296294133
0.25    2.44422834148     0.00421176058708
0.3    2.16282625249     0.00244857409569
0.35    3.65705846396     0.00221482211229
0.4    3.4042094389     0.00524898318255
0.425    3.36003256208     0.0025090518003
0.45    4.21184588676     0.00346385362316
0.475    4.41305964281     0.00306565872725
0.5    4.97170689007     0.00238750658058
0.525    6.17943954052     0.00118497496285
0.55    5.50806039858     0.00219947629574
0.575    5.71382531605     0.00132001509253
0.6    6.00043819654     0.00126866749097
0.625    6.18604085994     0.00162622089329
0.65    6.00901579633     0.00248389193847
0.675    7.29619233792     0.00186734105751
0.7    7.18130328548     0.00132013454538
0.725    6.98057045869     0.00183068347131
0.75    6.73963747743     0.00235473145813
0.775    6.44554270234     0.0035205766803
0.8    7.38039575512     0.0016370452731
0.825    8.54109128357     0.00177781163056
0.85    7.59449433172     0.00169437803974
0.9    7.45651028144     0.00162114404086
0.95    7.90303637346     0.00101446879852
1.0    8.77800141903     0.00216855140477
1.1    8.72294761695     0.00213684613452
1.2    8.95482833681     0.00196511656555
1.3    8.88045094301     0.00209464677477
1.4    8.84875530094     0.00148616345294
1.5    9.42207977151     0.00188521174522
1.6    7.98390384175     0.00207322746437
1.7    9.29733070866     0.00114775820682
1.8    8.11201337485     0.0017486414766
1.9    8.64205035088     0.00220595438838
2.0    8.58668414224     0.00152915510901
4.0    8.54195403905     0.00140209588522
8.0    8.76940207821     0.00129992615956
16.0    8.81382325427     0.00206024846304
32.0    9.35090893311     0.00226539756647
64.0    8.01960841356     0.00267350724116