
0.1    4.61293882203     0.112374566411
0.15    4.98332091545     0.104018720572
0.2    6.67473126583     0.00945049721718
0.25    6.40257470865     0.00688347036407
0.3    7.59861810871     0.00635223008404
0.35    7.61039621314     0.00843910153806
0.4    7.99017983044     0.00431503111134
0.425    7.78857380665     0.00488838437692
0.45    7.76978749248     0.00531342842443
0.475    7.95236450854     0.00304546071863
0.5    8.51482244709     0.00278618409577
0.525    7.7375322049     0.00412711661328
0.55    9.2812672489     0.00396770668251
0.575    8.23321459531     0.00276905591665
0.6    8.66153865035     0.00231216210561
0.625    8.45037476575     0.00260269219183
0.65    7.81748248286     0.00332121290568
0.675    8.81247993514     0.0025427072644
0.7    9.13615648858     0.00174131867368
0.725    7.81282635643     0.0019396869849
0.75    8.52367173377     0.00224090015924
0.775    9.19784390371     0.00165559912124
0.8    8.83190942767     0.00125105283998
0.825    8.70415275555     0.00291933618259
0.85    8.61078947395     0.00228201214459
0.9    8.18315045707     0.00364002075094
0.95    9.12954820618     0.00140074987367
1.0    7.56938483042     0.00134543612324
1.1    8.95644484184     0.00152796535492
1.2    8.39763994945     0.00237659674151
1.3    8.8494549722     0.00150017597537
1.4    7.58153113092     0.00116441295287
1.5    7.44765998918     0.00097042630635
1.6    7.76338113549     0.0009098428396
1.7    7.08877181179     0.00079568689094
1.8    7.55192925669     0.00119315607698
1.9    7.77544984732     0.000679569396424
2.0    7.21658508424     0.000856947224407
4.0    7.21455928279     0.000468254662649
8.0    6.97443665989     0.000168997266503
16.0    6.1913417528     8.95566803209e-05
32.0    6.47204152721     3.95308535744e-05
64.0    6.50852362767     2.43575498668e-05